2200083710
2200421211
2200821795
2201615588
2250014260
2250018440
2250435715
2250512811
2250885604
2250897272
2251312042
2251327192
2251331700
2251492936
2251495832
2251503516
2251507804
2252006746
2252303169
2252440876
2252468960
2252859800
2252893450
2253044674
2253053104
2253088121
2253266516
2253284166
2253386300
2300019037
2300072263
2300075663
2300116783
2300118847
2300260234
2300260281
2300408661
2300435327
2300435456
2300479243
2300501774
2300625585
2300745641
2300902308
2300937840
2300991748
2301075550
2301146400
2301146437
2301171682
2301248151
2350004542
2350019033
2350020353
2350077220
2350090746
2350090880
2350099240
2350127681
2350178210
2350187084
2350196276
2350196419
2350198284
2350208124
2350212192
2350220480
2350220515
2350221147
2350224790
2350225939
2350238432
2350244271
2350283576
2350293527
2350315919
2350324206
2350362443
2350362968
2350381802
2350440192
2350457554
2350509914
2350538110
2350538147
2350538255
2350538297
2350538785
2350540648
2350540720
2350540761
2350556053
2350601018
2350602842
2350603319
2350603540
2350603833
2350604341
2350613003
2350622690
2350655436
2350673065
2350687372
2350687602
2350687747
2350687794
2350688039
2350688445
2350688548
2350717306
2350794576
2350795130
2350795551
2350818580
2350833667
2350843916
2350959742
2351029226
2351045417
2351051699
2351051791
2351056638
2351057059
2351075387
2351077862
2351187556
2351192418
2351193395
2351290219
2351350982
2351473375
2351601590
2351664643
2351699059
2351699110
2351724254
2351761725
2351868863
2351908610
2351943925
2352008001
2352155872
2352156987
2352247069
2352259497
2352260651
2352277680
2352277823
2352277947
2352278012
2352341692
2352344346
2352368559
2352373827
2352382393
2352387311
2352417099
2352511700
2352564973
2352565291
2352616589
2352658310
2352659847
2352669320
2352781310
2352786219
2352795139
2352799324
2352849127
2352979239
2352998959
2353014586
2353014740
2353027264
2353170280
2353177536
2353307408
2353352958
2353497843
2353571302
2353621764
2353771105
2353777931
2353876934
2353890059
2353897346
2353987727
2354055173
2354116113
2354124696
2354136547
2354272775
